solution for answer0.txt
(12, {0: [0, 4, 5], 1: [0, 2, 5]})
solution for answer1.txt
(24, {0: [4, 9, 12], 1: [0, 4, 7], 2: [0, 3, 15], 3: [0, 9, 15]})
solution for test0.txt
(33, {0: [0, 4, 8, 15, 26], 1: [4, 12, 21, 30, 31], 2: [0, 2, 18, 26, 30], 3: [0, 2, 12, 17, 22]})
solution for test1.txt
(9, {0: [0, 4], 1: [0, 4]})
solution for test2.txt
(37, {0: [2, 10, 18], 1: [0, 3, 7], 2: [0, 5, 8], 3: [1, 7, 11], 4: [7, 15, 27], 5: [0, 18, 27]})
solution for mark0.txt
(1273, {0: [60, 94, 185, 206, 221, 263, 308, 360, 371, 397, 455, 489, 581, 612, 649, 704, 734, 775, 795, 825], 1: [0, 41, 94, 109, 249, 330, 368, 413, 433, 481, 515, 606, 645, 666, 700, 736, 775, 801, 820, 859], 2: [0, 34, 50, 60, 139, 167, 206, 264, 298, 331, 407, 458, 501, 516, 550, 594, 650, 672, 730, 769], 3: [107, 197, 279, 326, 403, 441, 466, 528, 552, 587, 618, 666, 703, 713, 764, 780, 808, 866, 883, 955], 4: [0, 48, 71, 191, 236, 298, 340, 382, 393, 409, 450, 517, 563, 587, 604, 685, 732, 769, 786, 824], 5: [0, 30, 50, 68, 97, 109, 155, 179, 225, 249, 267, 331, 344, 418, 480, 551, 594, 643, 689, 780], 6: [23, 50, 65, 120, 144, 223, 292, 308, 374, 401, 444, 480, 525, 555, 600, 617, 639, 731, 782, 815], 7: [50, 94, 132, 151, 201, 238, 281, 345, 555, 694, 730, 754, 779, 831, 863, 889, 926, 950, 989, 1016], 8: [0, 61, 94, 119, 165, 185, 218, 253, 312, 359, 405, 421, 480, 509, 587, 886, 934, 973, 1038, 1079], 9: [33, 86, 179, 340, 391, 413, 425, 453, 528, 599, 645, 734, 745, 839, 920, 1022, 1041, 1088, 1137, 1183], 10: [10, 52, 100, 123, 165, 201, 232, 264, 282, 412, 469, 514, 564, 604, 645, 689, 714, 794, 816, 866], 11: [34, 243, 309, 359, 392, 466, 501, 530, 574, 624, 649, 679, 718, 760, 801, 824, 887, 920, 974, 996], 12: [0, 24, 71, 107, 152, 163, 238, 302, 354, 372, 401, 448, 514, 535, 605, 645, 671, 704, 745, 766], 13: [14, 82, 123, 167, 221, 232, 275, 302, 335, 393, 412, 486, 517, 564, 666, 708, 791, 827, 869, 893], 14: [0, 41, 107, 117, 165, 236, 279, 291, 367, 417, 432, 467, 510, 583, 617, 671, 711, 760, 823, 839], 15: [0, 125, 210, 275, 312, 330, 365, 392, 433, 455, 509, 550, 602, 684, 694, 713, 788, 861, 909, 1079], 16: [10, 59, 117, 160, 202, 272, 336, 516, 555, 581, 636, 683, 763, 826, 904, 947, 963, 977, 989, 1028], 17: [0, 298, 345, 421, 441, 482, 585, 612, 682, 766, 789, 813, 861, 904, 945, 977, 1006, 1042, 1080, 1137], 18: [0, 71, 107, 326, 374, 482, 736, 782, 840, 920, 968, 1004, 1022, 1046, 1069, 1149, 1163, 1182, 1222, 1260], 19: [0, 147, 289, 332, 368, 409, 426, 468, 510, 604, 726, 789, 859, 909, 1041, 1069, 1104, 1146, 1183, 1227]})
solution for mark1.txt
(88, {0: [0, 1, 8, 14, 23, 41], 1: [14, 22, 54, 64, 74, 84], 2: [1, 6, 15, 25, 34, 47], 3: [3, 8, 15, 21, 24, 32], 4: [6, 22, 36, 41, 45, 48], 5: [0, 3, 6, 15, 32, 36]})
solution for mark2.txt
(3657, {0: [456, 544, 935, 1117, 1224, 1358, 1516, 1549, 1670, 1844], 1: [8, 347, 456, 524, 643, 680, 810, 900, 961, 1014], 2: [67, 732, 877, 975, 1014, 1037, 1210, 1480, 1714, 1782], 3: [580, 709, 790, 918, 963, 1025, 1037, 1440, 1549, 1768], 4: [1380, 1480, 1592, 1720, 1828, 2097, 2841, 3026, 3086, 3219], 5: [716, 822, 906, 1075, 2427, 2765, 2876, 3000, 3086, 3226], 6: [0, 35, 1647, 1812, 1917, 1964, 2062, 2199, 2447, 2605], 7: [32, 62, 101, 129, 277, 345, 390, 469, 473, 537], 8: [97, 738, 1715, 1840, 1911, 1994, 2767, 2936, 3023, 3197], 9: [22, 809, 1011, 1089, 1246, 1293, 3283, 3457, 3511, 3580], 10: [470, 1293, 1459, 1515, 1584, 1624, 1678, 1707, 1809, 1914], 11: [42, 83, 101, 1596, 1765, 1901, 2033, 2093, 2253, 2353], 12: [48, 1307, 1470, 1980, 2108, 2230, 2305, 2365, 2456, 2601], 13: [2, 325, 1025, 1630, 1728, 1805, 1898, 2035, 2101, 2241], 14: [0, 22, 45, 117, 2145, 2242, 2272, 2513, 2613, 2719], 15: [133, 193, 217, 306, 380, 441, 537, 593, 655, 719], 16: [62, 957, 1116, 1196, 1289, 1387, 1493, 1531, 1565, 1685], 17: [13, 92, 149, 640, 717, 751, 804, 1027, 1117, 1168], 18: [0, 23, 205, 273, 317, 373, 384, 469, 481, 593], 19: [235, 1824, 1966, 2031, 2171, 2267, 2273, 2662, 3126, 3250], 20: [155, 235, 295, 542, 650, 741, 871, 900, 950, 969], 21: [1624, 1730, 1857, 1907, 2051, 2173, 2251, 2338, 2410, 2483], 22: [197, 275, 714, 814, 865, 923, 1942, 2056, 2082, 2364], 23: [30, 1296, 1740, 2032, 2108, 2195, 2421, 2747, 2864, 3372], 24: [657, 821, 1390, 1555, 1693, 1793, 1877, 1901, 1973, 2033], 25: [138, 1228, 1379, 1471, 1531, 1620, 1707, 1736, 1859, 1960], 26: [0, 10, 18, 525, 583, 651, 751, 1185, 1299, 1402], 27: [10, 249, 423, 583, 670, 742, 797, 871, 973, 1064], 28: [179, 873, 1034, 1082, 1162, 1224, 1268, 1298, 1387, 1499], 29: [0, 133, 181, 385, 480, 534, 541, 622, 651, 757], 30: [63, 1886, 2031, 2032, 2097, 2148, 2635, 2769, 3061, 3166], 31: [2, 410, 525, 615, 814, 1115, 1185, 1248, 1330, 1460], 32: [392, 859, 941, 1342, 1474, 1779, 1927, 2037, 2155, 2318], 33: [993, 1151, 1189, 1233, 1268, 1381, 1415, 1533, 1631, 1829], 34: [474, 596, 2156, 2337, 2427, 2516, 2577, 2604, 2681, 2720], 35: [262, 373, 394, 740, 886, 918, 956, 1117, 1218, 1219], 36: [117, 2716, 2815, 2910, 2912, 2971, 3029, 3074, 3107, 3240], 37: [6, 172, 254, 2267, 2364, 2426, 2533, 3243, 3383, 3458], 38: [2619, 2716, 2814, 2857, 2910, 2933, 3168, 3286, 3329, 3387], 39: [70, 1467, 1576, 1824, 1911, 2040, 2107, 2448, 2541, 3412], 40: [6, 2364, 2524, 2619, 2630, 2689, 2859, 2884, 2984, 3065], 41: [634, 730, 806, 1033, 1168, 1283, 1412, 1508, 1561, 1647], 42: [151, 225, 242, 453, 534, 583, 655, 719, 797, 887], 43: [20, 51, 99, 1209, 2241, 2412, 2598, 2682, 2818, 2884], 44: [30, 636, 1113, 1425, 1597, 1701, 1980, 2122, 2231, 2263], 45: [391, 1138, 1508, 1664, 1747, 1778, 2172, 2561, 2936, 3100], 46: [275, 345, 2075, 2254, 2255, 2414, 2516, 2684, 2920, 2984], 47: [231, 1737, 1906, 2815, 2920, 3009, 3113, 3172, 3215, 3341], 48: [1293, 1389, 1565, 1755, 1836, 1929, 2061, 3128, 3329, 3387], 49: [12, 320, 392, 1958, 2055, 2081, 2082, 2164, 2280, 2390]})
solution for mark3.txt
(2337, {0: [0, 15, 653, 751, 846, 936, 945, 980, 1078, 1130, 1283, 1319, 1431, 1458, 1561], 1: [16, 256, 379, 473, 511, 535, 685, 756, 777, 884, 986, 1056, 1192, 1245, 1359], 2: [0, 98, 897, 1004, 1055, 1164, 1295, 1672, 1769, 1884, 1981, 2076, 2176, 2206, 2249], 3: [80, 180, 197, 463, 985, 1186, 1284, 1343, 1431, 1515, 1599, 1660, 1668, 1774, 1838], 4: [94, 173, 216, 262, 358, 509, 666, 758, 798, 881, 929, 958, 1100, 1194, 1237], 5: [44, 203, 244, 279, 376, 578, 681, 685, 716, 837, 1026, 1108, 1252, 1283, 1455], 6: [170, 326, 419, 511, 573, 688, 868, 944, 982, 1065, 1122, 1173, 1245, 1430, 1515], 7: [2, 121, 712, 810, 849, 915, 978, 1163, 1299, 1482, 1623, 1682, 1829, 1903, 1944], 8: [0, 360, 497, 574, 740, 837, 982, 1061, 1130, 1226, 1299, 1344, 1429, 1581, 1665], 9: [258, 354, 458, 625, 681, 837, 839, 1279, 1776, 1869, 1944, 1949, 2116, 2150, 2206], 10: [0, 40, 185, 265, 732, 846, 945, 1009, 1056, 1158, 1411, 1660, 1756, 1822, 1884], 11: [8, 61, 152, 166, 197, 415, 553, 631, 633, 689, 710, 771, 895, 921, 1038], 12: [0, 46, 234, 335, 376, 509, 648, 740, 788, 881, 1367, 1481, 1572, 1672, 1749], 13: [814, 933, 1043, 1127, 1193, 1284, 1289, 1360, 1549, 1619, 1745, 1795, 1838, 1856, 1891], 14: [0, 54, 197, 279, 425, 631, 718, 809, 977, 1019, 1100, 1163, 1264, 1279, 1347], 15: [0, 165, 352, 839, 936, 1007, 1095, 1315, 1387, 1429, 1547, 1591, 1668, 1759, 1769], 16: [38, 172, 258, 358, 452, 529, 555, 591, 679, 777, 798, 884, 944, 972, 1006], 17: [591, 760, 808, 1017, 1057, 1108, 1193, 1237, 1491, 1725, 1869, 1957, 2040, 2116, 2176], 18: [128, 326, 382, 552, 648, 702, 756, 808, 850, 913, 944, 1038, 1071, 1078, 1096], 19: [88, 904, 1004, 1095, 1186, 1212, 1360, 1407, 1467, 1515, 1572, 1880, 1975, 1998, 2076]})
solution for mark4.txt
(1262, {0: [35, 71, 215, 301, 341, 361, 370, 448, 555, 637], 1: [0, 16, 111, 178, 301, 429, 484, 546, 614, 736], 2: [208, 273, 399, 408, 475, 573, 621, 670, 803, 808], 3: [158, 208, 284, 371, 384, 706, 803, 904, 934, 968], 4: [356, 482, 546, 755, 833, 901, 991, 1081, 1156, 1222], 5: [0, 42, 71, 76, 115, 125, 178, 217, 267, 290], 6: [76, 217, 285, 371, 452, 484, 573, 610, 663, 706], 7: [16, 35, 46, 167, 241, 313, 388, 440, 475, 545], 8: [273, 408, 429, 527, 637, 695, 784, 858, 887, 968], 9: [114, 158, 215, 284, 334, 489, 695, 755, 896, 985]})
solution for mark5.txt
(1476, {0: [15, 109, 172, 285, 368, 419, 494, 567, 601, 614, 734, 831, 940, 1060, 1143], 1: [49, 154, 207, 335, 389, 445, 615, 692, 699, 800, 870, 893, 971, 1010, 1079], 2: [0, 73, 207, 352, 414, 567, 599, 706, 778, 831, 912, 1005, 1082, 1143, 1171], 3: [0, 12, 121, 157, 181, 253, 351, 469, 481, 570, 635, 664, 695, 701, 800], 4: [0, 97, 104, 246, 281, 397, 440, 472, 523, 568, 662, 692, 778, 912, 936], 5: [82, 154, 242, 335, 395, 549, 615, 678, 711, 778, 852, 966, 1001, 1069, 1103], 6: [0, 15, 107, 128, 275, 348, 471, 570, 626, 699, 769, 1010, 1061, 1069, 1115], 7: [12, 97, 121, 135, 254, 419, 494, 589, 649, 697, 813, 1120, 1190, 1213, 1236], 8: [0, 12, 81, 209, 253, 352, 436, 469, 571, 635, 697, 821, 1061, 1132, 1170], 9: [135, 242, 254, 339, 389, 499, 662, 789, 856, 922, 1016, 1060, 1117, 1211, 1272], 10: [0, 113, 218, 279, 347, 420, 493, 499, 779, 873, 993, 1223, 1307, 1339, 1379], 11: [0, 92, 135, 200, 228, 275, 414, 535, 571, 824, 937, 1072, 1096, 1169, 1232], 12: [0, 49, 155, 279, 434, 687, 779, 852, 936, 971, 1059, 1066, 1151, 1223, 1275], 13: [137, 318, 440, 514, 540, 568, 744, 824, 853, 923, 966, 1014, 1072, 1117, 1211], 14: [12, 92, 128, 218, 325, 339, 420, 441, 492, 565, 649, 675, 711, 872, 1001]})
solution for mark6.txt
(942, {0: [503, 657, 751, 763, 854], 1: [0, 21, 343, 433, 459], 2: [0, 30, 199, 276, 364], 3: [109, 210, 336, 593, 690], 4: [21, 370, 497, 548, 656], 5: [14, 198, 384, 424, 492], 6: [5, 43, 147, 199, 404], 7: [70, 204, 274, 336, 534], 8: [275, 430, 525, 596, 685], 9: [0, 55, 139, 568, 670], 10: [38, 106, 292, 444, 573], 11: [0, 102, 273, 365, 477], 12: [79, 595, 690, 751, 776], 13: [0, 40, 124, 174, 256], 14: [478, 671, 742, 818, 854]})